59,8
0,519
59,7
59,6
0,518
0,517
59,5
0,516
0,515
0,514
0,513
0,512
0,511
59,4
59,3
59,2
59,1
59,0
0,510
58,3
58,2
58,1
58,0
57,5
57,4
57,3
57,2
57,1
57,0
56,4
56,3
56,2
56,1
56,0
55,4
55,3
55,2
55,1
55,0
54,4
54,3
54,2
54,1
54,0
53,3
53,2
53,1
53,0
0,509
26,35
0,508
0,507
0,506
0,505
52,5
0,504
0,503
0,502
0,501
0,500
0,499
52,4
52,3
52,2
52,1
52,0
0,498
51,3
51,2
51,1
51,0
0,497
0,496
50,5
0,495
0,494
0,493
50,4
50,3
50,2
50,1
50,0
49,4
0,492
49,3
49,2
0,491
49,1
49,0
48,4
0,490
48,3
48,2
48,1
48,0
47,4
47,3
47,2
47,1
47,0
46,3
46,2
46,1
46,0
0,489
0,488
45,5
0,487
0,486
0,273
0,270
45,4
45,3
45,2
0,485
45,1
45,0
44,3
44,2
44,1
44,0
0,484
0,483
0,482
43,5
0,481
0,480
43,4
0,479
0,478
43,3
43,2
0,477
43,1
43,0
0,476
0,475
0,474
42,4
0,473
0,472
42,3
42,2
0,471
42,1
42,0
0,470
0,469
0,468
0,467
0,466
41,4
0,465
0,464
